13 4 
25 4 
59 4 
63 4 
103 4 
154 4 
204 4 
214 4 
216 4 
230 4 
273 4 
290 4 
294 4 
329 4 
386 4 
392 4 
395 4 
411 4 
419 4 
432 4 
446 4 
448 4 
487 4 
498 4 
515 4 
527 4 
542 4 
543 4 
563 4 
611 4 
615 4 
634 4 
649 4 
656 4 
661 4 
693 4 
694 4 
695 4 
696 4 
702 4 
706 4 
714 4 
726 4 
742 4 
759 4 
762 4 
786 4 
789 4 
803 4 
62 6 
215 6 
229 6 
410 6 
418 6 
447 6 
486 6 
497 6 
614 6 
648 6 
693 6 
694 6 
725 6 
741 6 
761 6 
785 6 
802 6 
417 8 
647 8 
801 8 
