1881.31267206
1984.32186206
2083.39027206
2184.43795206
2315.47844206
2443.53702206
2558.56396206
2657.63237206
2728.66948206
2856.72806206
2943.76009206
3099.86120206
3186.89323206
3372.97254206
3559.05185206
3687.14681206
3824.20572206
3895.24283206
4032.30174206
4089.32320206
4192.33239206
4249.35385206
4396.42226206
4499.43145206
4627.49003206
4728.53771206
4831.54690206
4930.61531206
5093.67864206
5180.71067206
5327.77908206
5490.84241206
5603.92647206
5674.96358206
5803.02216206
5931.08074206
6030.14915206
6145.17609206
6276.21658206
6439.27991206
6510.31702206
6624.35995206
6681.38141206
6809.47637206
6912.48556206
7068.58667206
7155.61870206
7286.65919206
7399.74325206
7470.78036206
7656.85967206
7757.90735206
7886.94994206
8024.00885206
8180.10996206
8279.17837206
8408.22096206
8536.27954206
8665.32213206
8794.36472206
8922.45968206
9021.52809206
9149.58667206
9286.64558206
9385.71399206
9488.72318206
9625.78209206
9756.82258206
9871.84952206
9984.93358206
10115.9740721
10244.0326521
10341.0854121
10440.1538221
10577.2127321
10708.2532221
10871.3165521
10972.3642321
11100.4591921
11286.5385021
11399.6225621
11500.6702421
11686.7495521
11833.8179621
11980.8863721
12166.9656821
12268.0133621
12405.0722721
12518.1563321
12631.2403921
12745.2833221
12844.3517321
12945.3994121
13074.4420021
13203.4845921
13316.5686521
13417.6163321
13530.7003921
13617.7324221