864
464 371
19 35
94 397
230 187
303 117
465 52
515 851
106 361
31 77
107 300
761 406
82 38
67 68
443 48
364 601
770 835
457 289
417 369
820 377
661 245
476 374
847 441
790 318
479 109
210 179
157 52
461 500
553 203
679 662
69 46
81 596
845 97
46 523
214 133
15 152
98 50
716 435
72 326
657 145
341 733
3 5
220 309
782 206
720 750
477 282
318 199
38 19
237 74
164 194
730 675
173 34
605 697
147 540
554 297
200 358
368 490
709 322
78 197
739 296
132 672
413 470
660 842
136 400
73 56
469 253
86 62
123 112
813 504
88 325
581 424
425 113
860 637
150 25
295 236
96 184
547 857
778 749
420 43
550 620
723 672
487 385
299 541
13 351
56 643
15 407
262 227
758 69
565 818
68 653
440 82
118 754
249 217
438 99
386 495
269 819
779 802
562 771
804 261
17 31
134 1
328 651
252 165
375 426
108 154
247 107
70 485
204 513
738 139
156 34
836 60
724 763
28 364
379 274
264 373
207 71
518 387
53 41
394 157
319 47
528 732
44 365
841 84
861 221
2 1
218 83
705 644
47 78
10 67
670 98
41 15
265 22
281 753
417 610
43 54
556 243
186 305
167 243
266 170
507 317
389 268
582 533
102 5
172 127
250 59
215 200
560 759
34 51
92 270
290 382
430 462
162 233
530 232
291 410
118 110
339 186
164 162
53 125
206 444
814 740
209 652
741 643
47 3
550 58
677 554
467 78
182 239
834 198
168 327
64 108
573 335
73 145
310 143
459 68
75 57
219 537
83 23
52 26
203 377
235 61
128 153
337 335
135 484
161 90
613 785
81 706
568 514
281 175
70 354
179 852
766 449
176 97
372 230
604 404
293 9
1 28
25 256
461 344
288 6
742 31
478 316
387 811
339 788
116 147
6 30
112 602
507 791
227 244
760 236
635 432
78 131
546 114
187 167
536 521
47 91
182 624
519 293
384 252
94 71
42 475
660 698
178 143
12 17
311 277
453 318
725 160
691 574
260 375
663 88
75 89
24 14
44 413
52 130
132 713
115 22
794 565
113 648
442 166
387 649
65 9
221 259
126 12
654 157
636 822
674 273
166 118
95 593
90 149
61 122
406 401
38 850
304 208
59 212
827 571
78 170
424 747
222 139
376 346
190 348
131 451
236 12
57 414
800 746
13 74
260 597
488 92
350 16
4 27
641 389
42 4
775 486
843 657
455 215
328 89
267 74
135 803
141 855
14 205
20 21
37 335
446 431
136 586
797 547
45 245
105 19
228 731
178 208
267 787
58 190
336 321
96 67
88 816
151 162
284 353
613 194
539 612
36 71
352 67
120 340
68 606
85 69
532 589
117 3
69 181
436 241
560 74
531 666
580 408
163 607
19 58
74 193
307 411
563 682
570 467
92 38
99 83
15 12
312 136
471 82
38 234
202 671
247 501
249 415
132 90
182 719
864 310
142 280
600 111
7 5
14 4
789 674
729 217
33 88
395 577
407 431
217 815
185 123
405 473
712 744
450 407
442 552
31 56
196 100
496 115
595 557
198 424
505 204
531 194
86 158
114 839
334 218
209 147
621 518
456 308
393 517
283 395
204 611
449 265
421 310
64 19
285 590
538 506
1 104
275 88
225 90
830 560
433 290
711 829
143 78
147 160
838 352
308 370
55 608
825 34
628 571
404 396
313 169
174 114
619 446
43 55
67 296
437 287
676 666
339 419
378 17
474 223
105 135
130 418
307 258
261 338
54 163
441 756
502 379
167 317
639 499
743 352
82 136
434 548
201 37
188 183
59 452
717 268
249 545
136 509
211 748
78 772
100 812
142 30
105 107
105 323
270 468
373 391
783 590
31 571
87 63
503 52
45 30
299 256
202 578
20 1
689 597
55 349
258 494
332 248
99 508
291 130
168 51
246 655
120 7
492 89
683 722
599 482
557 150
279 160
321 798
283 659
204 75
36 27
80 254
80 381
201 565
360 190
506 172
144 186
1 39
403 164
49 18
220 284
67 357
1 13
24 97
233 630
113 17
387 251
610 683
24 240
337 638
694 564
189 134
54 57
769 302
844 680
459 764
206 848
706 770
520 198
714 355
59 60
16 110
512 28
792 849
510 96
408 69
12 32
251 629
530 615
274 261
9 5
525 47
26 10
133 242
597 736
684 444
80 22
237 398
637 241
592 537
429 367
396 39
75 826
579 500
702 170
5 6
191 355
41 62
575 712
352 428
799 119
268 276
724 260
141 498
144 302
324 151
18 14
399 164
63 79
664 51
133 392
563 755
366 52
303 768
37 362
438 721
529 295
201 283
665 197
226 301
701 278
720 412
457 555
126 483
53 514
60 277
177 20
359 271
510 642
518 807
84 846
313 547
762 87
184 268
199 232
405 626
430 382
61 40
863 579
102 371
559 122
810 552
289 341
407 522
3 2
710 312
33 19
297 291
330 172
563 272
854 97
191 480
805 787
137 20
65 793
131 735
859 81
389 831
266 569
186 402
416 342
499 480
12 1
263 153
111 50
853 765
814 862
135 171
70 76
12 25
558 217
692 106
534 512
374 617
703 30
182 828
425 549
280 292
586 625
699 715
398 618
476 796
112 155
160 584
269 17
333 326
598 164
658 502
217 282
223 147
345 181
562 357
95 47
63 45
155 228
7 141
79 213
779 364
199 695
707 474
27 356
246 320
72 374
36 90
264 107
393 388
90 308
699 558
41 48
29 70
73 331
189 229
183 93
452 645
404 561
251 176
386 786
102 481
21 29
115 116
220 113
368 566
101 23
647 285
395 749
134 489
493 153
175 13
329 208
30 445
622 475
248 50
294 524
24 93
543 170
672 808
114 688
52 59
238 210
304 412
384 667
287 583
602 693
182 26
216 39
250 633
669 189
332 591
224 79
442 527
511 151
404 497
321 386
81 203
801 106
708 209
409 157
33 466
535 17
343 268
86 532
156 751
727 422
809 301
15 34
483 551
20 696
29 66
144 98
27 159
526 164
129 290
398 856
8 533
179 116
740 512
150 322
314 204
29 315
46 40
148 640
567 333
519 774
7 346
136 432
616 570
321 564
557 632
241 316
368 277
289 646
757 525
363 306
100 45
784 284
549 687
146 64
486 444
109 78
609 36
516 544
253 441
810 833
636 198
338 439
29 631
273 131
200 90
458 737
246 767
367 12
3 4
23 11
286 106
434 261
36 211
619 660
372 603
795 54
447 220
6 576
254 776
22 9
700 129
146 289
112 574
199 147
119 89
594 25
74 271
77 718
181 650
278 106
765 358
794 858
127 139
18 206
84 448
355 521
463 26
129 734
285 516
753 773
226 47
194 572
86 504
10 1
106 29
704 548
385 271
188 217
219 104
81 34
452 792
6 227
728 394
150 180
840 732
41 192
41 823
575 162
272 229
36 84
190 285
427 403
241 137
16 3
342 117
124 60
614 174
22 460
7 44
58 257
40 11
3 151
120 258
415 458
269 401
191 14
443 685
